-1.615989310939178081e+00 -1.809886968756630132e+00 3.680232189517440022e-01 1.255443931803205126e-01 -4.777236348865464971e-02 2.840153012812828281e-01 -4.822866737394900238e-01 -1.166911050911480507e-01 -1.844011124514735034e-01 -1.225460046100446641e-02
2.026714891342543012e+00 1.228020196494086447e+00 -2.669765480500662092e-01 -8.857801340461951556e-01 -1.909900058712785231e+00 -9.402883754454106624e-01 -4.258782923258031539e-01 -2.626939190204779506e-01 -1.806643560053708297e+00 -1.306586586875543965e+00
5.000560542713521350e-01 7.603555384186989619e-01 3.796318165871547801e-01 3.209573355154067831e-01 -7.353182167588043772e-01 3.537031276280759862e-01 -2.109663003069966791e+00 7.062721609643334286e-01 6.882366652376336984e-03 1.993568503952887830e-02
-1.990494482219297978e-01 -2.855709066530930373e-01 -2.754695806878394437e-01 -4.122650018005638572e-01 -2.459449694109348550e-01 -4.436930212757219660e-01 -1.504522413999776209e-01 -4.323812495645453780e-01 -2.874474185265786796e-01 -2.687855452593435057e-01
-9.536689535701408094e-01 1.643421886446136959e+00 -3.202855497055433209e-02 2.740833245962365217e-01 1.624235571462496974e+00 -4.923629927955634755e-02 -5.302697530671944826e-01 -9.743172613180366426e-01 -5.446362122218585400e-01 9.422283243067061109e-01
3.616165769843746602e-01 1.794243614255235375e-01 1.704277477776041938e-01 2.113093177091502073e-01 2.013313138124412649e-01 1.242291759201080703e-01 1.780825802291598481e-01 3.247691812654173726e-01 1.607690861696947637e-01 2.548599933344331547e-01
1.031150357042407206e+00 -1.545189309667204802e-01 8.390062487809033520e-01 -1.025493001405201943e+00 2.538974450470976030e-01 1.460779864130559991e-01 -8.518639009851085298e-02 -2.584853630291971349e+00 -1.201354643720800919e+00 1.784478884757848549e-01
5.845319500262786266e-02 8.889311445811538814e-02 -2.277201473964121370e-01 -2.612993945408753627e-01 1.425594909835664892e-01 9.025124460889449862e-02 1.676247124853263992e-01 -7.753195420083024147e-02 -1.474274769895805685e-02 -7.089561338379331279e-02
9.417568612949885898e-01 7.819992190227333106e-02 1.211369015955443773e+00 -6.416792959555598364e-01 1.727176267041281577e+00 7.068883642736236705e-01 -4.130992131513299137e-01 -6.367064176261001407e-01 7.103771668191661837e-01 9.087252606515807685e-01
1.255718276234732145e-01 2.293192673058708220e-01 1.445027625973832330e-01 -6.210792240840311979e-02 3.200242310660127154e-02 4.693376661138790734e-02 -3.673504000517158752e-01 2.934619224618474354e-01 -8.146473546307689620e-03 6.732191652473280830e-02
7.141170832697657511e-01 5.095673987796449644e-01 6.129968906895707503e-01 5.529963647635774970e-01 1.979225799740011449e-01 4.528502722081783061e-01 2.039607833335545795e-01 4.778856641555772056e-01 5.214911005078085582e-01 4.962906287907629665e-01
5.780954697118989571e-01 -8.137333061815099633e-02 6.159754473141203501e-01 6.615673170043412377e-01 6.438580168387065816e-01 5.658338327728574813e-01 7.624478789625087627e-01 5.327595766642622133e-01 5.700561706406492846e-01 6.553367958764155787e-01
9.602528496910164302e-01 6.350080144664844717e-01 5.803162497079072946e-01 -2.769898080722397737e-01 9.269285546468548631e-01 6.066223296561797929e-01 7.891331730801395272e-01 5.448961022109319874e-01 1.509615845213152507e-01 -2.586151535135529714e-02
-6.981174811335056907e-01 1.131553435731777330e-01 -5.783391384379346079e-01 3.494345830101125983e-01 -1.495617907735384833e-01 1.112687138270545759e-02 2.896396334805335093e-01 -1.687698808331791062e-02 -1.650899555414619968e+00 6.038492491537467144e-01
-9.316708975321044139e-01 -5.204630835979027204e-01 -5.326503526332321964e-02 3.513643288228635586e-01 4.577873164888838220e-01 4.018619924365016138e-01 2.463146650692624728e-01 2.584184424039912553e-01 3.504310870764165697e-01 2.975964061987541043e-01
-1.938622688225055901e+00 5.209544992684702613e-01 -6.887037487459969354e-01 -5.329291031824654468e-01 3.912736166122192660e-01 2.229834828955503112e-01 -1.973937547002844850e+00 -8.354607191504510588e-01 -6.209612793128460595e-02 -1.834450119448622629e-01
-3.098687627791447685e-01 7.900253030275816712e-01 3.561140470007298497e-01 6.044384856400771833e-01 5.837466810162389441e-01 5.051840734751567030e-01 6.925124262144084497e-01 2.781292099948291519e-01 5.264923190516427320e-01 4.713512045003329654e-01
-4.593326569498637491e-01 8.463078577876650965e-02 -1.744174803284575526e-01 1.250646299972745235e-01 1.750676641713611592e-01 5.731326317354810095e-03 -8.962737764340589219e-01 -4.775150653827198166e-01 -2.741126267020360108e-01 4.618991549795902624e-02
3.010286920242115083e-01 -2.182048653339378586e+00 2.392226695585037144e-01 9.499065433214470833e-01 -3.550316186503977844e-01 8.732779359467526259e-01 5.001823649127028204e-02 9.496884532998384199e-01 -1.719330740333754548e+00 3.943942443249305874e-01
-1.686259591540776870e-01 -1.352681703800793778e-01 -8.955820234887786058e-02 -1.496113510704276395e-01 -2.690854726327865376e-01 -2.035904700254752286e-01 -4.013192007083218327e-01 -2.796849460471766829e-02 -1.517522898653390351e-01 -5.399399776019203623e-02
2.966871429431375967e-02 7.913422778713633532e-01 3.404625422597152284e-01 4.936225610526387420e-01 -2.690434213047673273e-01 2.405072716064562618e-02 -4.705778737148722524e-01 -1.780544132174341765e-01 -3.078101865031606099e-01 -3.713712356982885043e-01
-2.786195761364118617e-01 -4.191724096312985370e-01 7.162066178086659574e-02 1.758446788775273606e-01 -6.322524095616678386e-01 6.351875171447500801e-01 7.360942134314606144e-02 -1.248086869139395372e+00 5.054793537006000426e-01 6.316394955461943073e-02
5.108087995851270380e-01 1.044400300954964889e-01 3.153126542689048684e-01 3.185205412273804937e-01 2.754901279122752844e-01 9.199667478334969117e-02 2.950727080979348993e-01 4.030023833478612594e-01 1.279737032359571369e-01 3.668603936696858137e-01
-1.769460239195572160e-01 3.989403987624672854e-01 2.624317860031430416e-01 4.838756186906926771e-01 5.624000895761581686e-01 -2.368401347012142111e+00 4.075741439468600902e-01 -3.551529220500062034e-01 -6.627224966911593462e-01 1.768910621850326159e-01
1.587659624998790375e-01 8.584564988345151637e-02 -1.795301907910282768e-01 -2.051603869046321471e-01 4.559785948763450114e-01 2.920983331004515238e-01 1.574019752189286525e-01 6.692707940282419110e-02 1.014178478895381569e-01 3.482943697383553139e-01
-5.793241004524552623e-02 1.463990873036160878e-01 1.217819222501478373e-02 3.578023736915003639e-01 2.722849242061450847e-01 2.199114670204522504e-01 -2.963761100577738117e-01 2.463981467788811663e-01 1.244732713330859580e-01 3.175799422004964012e-01
-4.736254902015957224e-01 -2.573268414594340747e-01 -2.291225248654277236e-01 -2.624511994269325132e-01 -1.787688890640437567e-01 -3.697773736972675973e-01 -1.749100185151271358e-01 -1.137259749701396844e-01 -3.068927951400265419e-01 -4.227193157653196670e-02
3.533480949476897615e-01 1.966966099642181165e-01 2.081411617813408721e-01 2.185820083158475924e-01 1.820209099311797529e-01 2.455283769619931167e-01 1.506269975009344730e-01 2.876954346192397427e-01 3.221048560902129987e-01 2.763338868822475258e-01
2.443032762621077103e-01 -7.466219240318281436e-01 1.127751017372405004e-02 8.532207194314344115e-03 1.350198928456806391e-01 -7.221828819740258032e-01 -9.108029679895075503e-01 5.585685538801659078e-01 -2.077178911552413076e-01 -4.072023189756934225e-01
-4.407825496763055351e-01 1.826103274265753473e-01 -1.450073392083611745e-01 -8.036897953372829084e-02 -8.736472454275383270e-02 -1.794225930364683752e-01 -6.617676724149937906e-01 -5.555491490989692988e-04 -2.057344388486329334e-01 -9.840171801443502175e-02
-7.049929706510432714e-02 -4.656239075044405484e-01 -1.735705166853294401e-01 -2.302831158473427620e-01 -1.347852602141235978e-01 -1.842451297630574025e-01 -1.903575221641825577e-01 -2.893229728444252635e-01 -3.265531191339606787e-01 -3.535625692548812760e-01
2.168071557575516062e-01 1.453295386779033804e-01 2.278668027455466871e-01 3.696948588264008517e-01 2.380944506997816901e-01 1.894620120611072434e-01 7.273856226444012085e-01 3.280568016278763155e-01 2.998710492758031587e-01 2.579846225192490849e-01
-1.958815792637126796e+00 -1.564236002029205208e+00 1.258358332064141438e-01 2.156903542060126244e-02 -9.133009410913586756e-02 -4.113339438378101898e-01 -4.927128762689278463e-01 -1.577857406073169503e-04 -8.906888020415365537e-01 1.771664397621648679e-01
-1.040386661919509743e-02 -2.200643823709839408e-01 -4.400910445763548534e-02 -1.099151502891908688e-01 3.361936847032116066e-02 -1.817193622005214004e-01 -1.149889427840813799e-01 2.835784614162585246e-02 -1.060053078602976456e-01 -9.576114134970166447e-02
3.267349042469832043e-01 4.569521344183196110e-01 3.458001278117281974e-01 3.351301181909561167e-01 2.579280868947244620e-01 4.058553094018337304e-01 4.061267992354393730e-01 1.187562582261477567e-01 3.230337531203010815e-01 1.316937177307366258e-01
-3.869891096088316079e-02 -3.982188292321874323e-01 3.009492459273050424e-01 2.441590301118715389e-01 2.348833946171591247e-01 1.534718823428909140e-01 1.894352700027780168e-01 2.595079161515455590e-01 8.764258730830948307e-02 3.494799724769835358e-01
3.470871982251343413e-01 1.204080952633677981e+00 -1.567311563856885970e+00 2.469319654853013857e-01 -1.569641363301945036e+00 2.977858931142801646e-01 1.251858615821624499e+00 9.273766886210005334e-01 -1.084341123231059800e+00 9.972371790679408488e-01
-1.939080910924153855e-01 -8.334803615972553870e-02 -8.072863967150178954e-02 1.620279966583240416e-01 -1.396137268170365986e-01 1.122337738697524456e-01 -1.445020110304693906e-01 -2.008773255355333076e-01 5.629637312531193816e-02 -2.320386886685804340e-01
-4.649117931460689523e-01 -9.778088527471683056e-02 9.357147786772421205e-03 -1.402265083480165875e-01 2.869539372622875381e-02 -1.988685750216928061e-01 -1.606173744918435453e-01 -1.708997071113944333e-01 -3.165733167494625966e-01 -9.172975883402101349e-02
-1.607887650439478344e+00 4.232326663083929019e-01 -2.136714645625049369e-01 -5.052886740913156149e-01 -1.682190378468213288e+00 6.682697274087336936e-01 1.040188744190003289e+00 1.897664671360274335e-01 9.901583949697465581e-01 1.340737304678399355e-01
-2.688149730246442437e-01 -2.946276177954335052e-01 -1.311942987056534948e-01 -2.118911293858560252e-01 -4.531218411991308481e-01 -2.415255982175112393e-01 -1.107558507779302648e-01 -2.052253378769948455e-01 -3.349575264964846366e-01 -4.506006697594787114e-01
-7.939072262427288029e-02 3.625279164258240344e-02 3.354669526267006208e-01 3.668035159144916180e-01 1.714870521781469703e-01 1.552421615333340055e-01 9.744380226718089844e-02 2.089472833765406434e-01 2.328103423085103318e-01 2.899237852228396806e-01
-1.236163341631331819e-01 2.706168314993390722e-01 4.734450620020235201e-01 5.432852456366832339e-01 -2.689275785976329991e-01 6.636911767676847429e-01 -1.741310202224001236e-01 5.507427821975829918e-01 3.285691808000848479e-01 2.654145716646420516e-01
7.629519653537886192e-01 2.229615222354162651e-01 -9.964061997214844757e-01 6.824859456631556798e-01 -5.340542957141061198e-01 8.746776252790525730e-01 2.169829330594186534e-01 8.311397533824751438e-01 1.270472755851118185e+00 4.632816700821464906e-01
-5.723533821377384534e-01 2.695381637351854653e-01 -6.270122853337911639e-01 1.207020235460747465e-01 3.850461954652688590e-01 -1.780321732251248790e-01 4.642724090227644540e-01 -8.275092962545897712e-02 3.021695245833195265e-01 2.192823425872220400e-01
-4.732059498421278820e-01 -1.393170453539754050e-01 -3.009673352429201865e-01 -3.934344702211050593e-01 -8.531126891346889340e-02 -2.190911340911993466e-01 -2.041010472703282952e-01 -1.848758627219000972e-01 -1.579530043662216721e-01 -1.421187971331735744e-01
4.951352792999346719e-01 5.199987963958873083e-01 5.395459483860338690e-01 -1.421245804205536700e+00 -5.169807630191192160e-02 5.403708363388740610e-01 3.383117389891968640e-01 -4.214488112706922807e-01 -1.185485970366993325e+00 -1.447207783315065596e-02
-1.696116235651039528e+00 9.158660300452665659e-01 -5.838127425070693821e-01 -1.975448667708803660e-02 -7.502557853076163852e-01 -9.841797788808634984e-01 -1.078534930018646421e+00 6.680483520538021969e-01 -1.472073330119975765e+00 1.917314839251227365e-01
5.003561500315513166e-01 3.032962196552786982e-01 1.720585016942523804e-01 2.023109896071265401e-01 4.677511106178510181e-01 2.624162848807277681e-01 4.279095274293098772e-01 2.899102567312711876e-01 3.028748001312005500e-01 2.561418078010442856e-01
8.300334964436004159e-02 -3.091721285241599837e-02 2.110431175522111125e-01 1.440055975774697239e-01 7.312196360006802121e-02 9.901839956340488524e-02 1.912726229221320406e-01 -1.418956733280549165e-01 2.270437682840305560e-01 1.041962150854839307e-02
4.842952224146486739e-01 4.580525698779395194e-01 4.113657075427836207e-01 4.974319532870533633e-01 1.104879424845925245e-01 2.189522430374992168e-01 8.735500511668092827e-01 6.871285755201672618e-01 6.814307822740510723e-01 -2.275593734536299984e+00
-1.556178031174534571e+00 -1.080208809864565273e-01 1.895833524473740372e-01 7.276507384459209027e-02 6.394130195284687401e-01 3.844152378828087913e-01 4.205526024249970352e-01 3.692294462042048364e-01 1.949773948560592773e-01 4.599564042260923524e-01
-4.682012060808929954e-01 1.107260743490887656e+00 -2.443129293505179600e-01 9.165404684138811486e-02 -1.068895804470191724e+00 -3.343375594026106734e-01 2.280263084637463855e+00 -9.520822558467203489e-01 8.637665995899316274e-01 -5.852893517733720463e-01
4.903479534663191530e-01 3.752066353792237186e-01 -3.561091007980327072e-01 -7.016889104700586577e-01 -2.687293752739809416e-01 -3.122358763179073349e-01 1.142758423436116832e-01 -1.218218744358720684e+00 -1.046808797696125337e+00 -1.752578489817160579e+00
-5.698655852950371692e-01 -2.657814911970843852e-01 7.064365229594922191e-01 6.311501339522854193e-02 6.896102641837184022e-01 -3.018991543456935878e-01 1.153625892139922282e+00 1.131442316396331860e+00 -1.897968370236805313e+00 -9.331049893729859157e-01
1.810594662647455610e-01 1.587441310393080118e-01 4.516735059762748139e-01 2.107495026166538929e-02 -2.796336096558827422e-01 1.880137141284079494e-01 1.289769153870639895e-01 -1.983576848078027199e-01 -9.796727506331685820e-02 -3.549468610280820391e-02
-1.952942850394806529e-01 -2.723449921991700773e-01 1.864027400583393237e-02 8.425155023958119660e-02 -1.851989743820809942e-01 -7.242997019199631792e-02 -4.229048975060046844e-01 -9.120729064591960589e-02 7.067184858280110837e-02 9.225756837253754061e-03
3.859594631361399353e-01 -3.003285566910534055e-01 3.510525309275032146e-01 3.792740293467125046e-01 1.557095519400995831e-01 6.114247168672153343e-01 2.162430833359089699e-01 4.142635161278643841e-01 4.199221853979101526e-01 3.420740708258757090e-01
1.649091529470612105e-01 -2.439066728733741696e-01 8.643248542906883936e-02 6.705391911562098850e-02 1.044816413118775933e-01 7.895850830349544769e-02 1.407714589529421578e-01 -7.666662605593460578e-02 3.520927630825413518e-02 7.318858525859381348e-02
-1.064765111057617702e-01 -1.089307357541390298e-01 -3.206676449146952379e-01 -2.502911276700379162e-01 -8.504543105065436037e-02 -3.264197220215929174e-01 -2.390701224533638702e-01 -3.160175225306486452e-02 -2.826218080003447541e-01 -3.527852502866839213e-02
-9.700234114836450150e-01 1.718535636711863157e-01 -2.363790094345330217e-01 1.822805966668723243e-01 -1.010060036629511382e+00 3.517730028606516068e-01 3.277245116620908783e-01 -7.418216491855815775e-01 3.233764699849927537e-01 2.708531605942626763e-01
-3.221795034312921469e-01 -1.351344468742398386e-01 -4.288846535615987998e-02 -1.855754346342088357e-01 -1.193712572033072267e-01 -1.834816146150682337e-01 5.396827138037519483e-02 -2.640671469430188600e-01 7.818537734591261487e-03 -2.624103983799137563e-01
4.405258437458859366e-01 -6.155312373864026132e-02 -1.943240672339678343e-01 -3.660036489763885403e-01 -1.904827663756680500e-01 -7.602918894113830373e-02 1.726570338651143774e-02 1.528573043693851052e-02 -2.523634865365185775e-01 -1.923704962379848560e-01
-3.301691395947105034e-01 -1.780274657354181944e-02 4.349812833274112334e-02 -3.976262565778748703e-02 -1.916537371122199740e-01 -2.011542226560690261e-01 -1.254096170724477433e-01 -9.400975173527016671e-02 -1.726526794807308751e-01 -3.819804647556933608e-01
-6.981442256010771397e-01 -4.495405019728178631e-01 1.583136939565563395e-01 2.487987380916430458e-01 -1.176767471375058244e-01 -6.826195157718996098e-01 -2.937160900097132710e-01 -2.871510444432248677e-01 -5.311152714965675647e-01 -2.150715001374012558e-01
1.812454875863998005e-01 -6.125104106096913165e-02 4.885638955943338857e-01 6.786933116208877514e-01 4.720130249236682562e-01 5.696982032991791955e-01 4.369405396693935018e-01 3.667942513100665436e-01 5.013796040644273866e-01 6.257852738434864781e-01
5.817739233636264051e-02 1.344991557771015867e-01 -1.462470857065111818e-01 2.856278063270310530e-01 1.325657492358539857e-01 1.947275642195903378e-01 -5.885519602643812798e-02 2.398558291790407748e-01 -3.251324068411868412e-02 1.228812229942115863e-01
3.752380215061305035e-01 1.055582271885749240e-01 4.488007896918292383e-01 4.093151675833705538e-01 1.861535846284949336e-02 1.246304042735240925e-01 5.440593489016829487e-01 5.170237466915871272e-01 -2.406490105961236192e-01 -5.543184560318865917e-02
5.543568183363226654e-01 8.263144597294378446e-01 6.055305689680032799e-01 6.350034817738241522e-01 5.539727344124041331e-01 6.265281767509958133e-01 5.005421178998481491e-01 4.540503088340882565e-01 7.485603779895839693e-01 6.289517603790657496e-01
1.283629528644386841e+00 -2.451448763349785009e-01 1.732259745078786883e-01 -4.498216240640217634e-01 -4.322828030216992468e-01 -1.748840709068653909e-01 1.697844153213912410e-01 -5.434118603527079427e-01 2.556377049633420506e-03 -1.008770121408874010e+00
6.343071185560519298e-01 -4.591699233014350789e-01 5.338504791472861166e-01 2.819378459541206361e-01 6.765914126656187300e-01 -3.445247722407112634e-01 9.341116886449073453e-01 4.510543957768011758e-01 -5.674608862064483006e-01 1.515657919564800393e-01
1.367964902155748064e+00 -3.438290702762863416e-01 3.993030084223485043e-01 -3.509339142439222847e-01 4.224713274489196313e-01 1.065787337739256380e+00 7.828605610884293853e-01 1.236705794476161246e+00 8.897640603129276515e-01 -4.328124300595473373e-01
2.474330140457087560e-02 3.823450023830474859e-02 -3.030632691719426508e-01 -7.959001130781437894e-01 1.123964748311033351e-01 -5.516305651771861163e-01 -2.538869936188681842e-01 3.845584410746883397e-01 -2.443316334003547974e-01 4.723859580590559354e-02
4.397449215520684573e-01 1.059913860610185665e+00 3.981495461548282822e-01 5.878792015774447766e-01 2.236201109670142018e-01 2.584385133295490911e-01 -1.648221056018077044e-02 -9.301666445164824548e-01 -1.497588368150764848e-01 -7.856629869318793036e-01
-5.592320954032017899e-02 1.389320214896284378e-01 5.158254395205866261e-02 1.717962999909186939e-01 1.972008347665234196e-01 2.463881874610705791e-01 2.058805902315584690e-01 7.345747783676302711e-02 3.106369722107024667e-01 6.915381800944639390e-02
-1.777704415761540979e-01 -2.743236769333298741e-01 -3.050827936397635387e-01 -3.508301198971482959e-01 -3.660168958300959452e-01 -2.756999757260882866e-01 -3.303211847522374289e-01 -2.006750173019851424e-01 -4.418554289974503946e-01 -3.176294316901995818e-01
-5.776770540335871007e-02 -7.229111695518443403e-02 -1.703490887313761637e-01 -7.983047406656594569e-02 -4.329077463397036363e-01 3.190125455435309232e-01 1.565467999543499744e-01 -2.757463012423068682e-01 -7.854226169616526643e-02 -6.378344840628512313e-02
-7.469833104630747567e-01 1.772612622333320287e+00 -2.737838994590338082e-01 8.698169082270634789e-01 -1.441956963917163881e+00 1.488730299452516004e+00 3.865851358335867238e-01 -1.427913232471860860e+00 2.815375894439624549e-01 1.253821123722375641e-01
-2.020436930946581722e+00 6.458901969840471491e-01 -6.942299475822787391e-01 -1.939538066365053548e-01 3.187673994457743132e-01 3.620854157959566694e-02 -8.107577272302465277e-01 2.294932997471872960e-01 -3.819077842497386466e-01 2.334925719910026787e-01
-4.593615085203294202e-01 2.421159694439570242e-01 -1.448439949090503942e-01 -1.383102571800440619e-02 -2.733392844441266956e-01 -4.722166153081779755e-02 -2.593171795461889917e-01 -2.657162865038978361e-02 -4.355602098022259838e-02 -2.033596729883754284e-01
-4.768381434932445484e-01 2.933790049349547235e-01 3.707924893876611561e-02 2.493790023688402524e-02 -5.616762797410695604e-03 -5.818782000848345820e-02 1.593931948988807912e-01 -1.219715013369301326e-01 3.594058918914477818e-02 -4.750004842524642446e-02
7.964966780629988141e-02 -8.288373691470228566e-02 6.340663271899998898e-02 1.564966446085008234e-01 -2.247350246598917300e-01 3.001996285814369919e-02 -5.942857586948060433e-01 9.326656881861923598e-02 -9.458435647981300320e-02 -1.393808783230492121e-01
-2.080107970198568912e-01 3.295532850909406730e-01 1.798391735005920034e-01 -7.856672540838338659e-01 -2.632496040341819610e-01 -8.254633777534546857e-01 -2.600468172164071001e-01 -2.091046778192643119e-01 -3.012420422681711396e-01 -1.077253288552651178e-01
1.406826897539107835e+00 2.167463869294371515e-01 -5.833371652616907710e-01 3.827034614448318606e-01 -9.171070253904073377e-01 1.161382422419358906e-01 -4.078364015799106346e-01 1.927551271961906176e-01 1.829304479196705857e-01 1.940417588268308902e-02
8.513921626591305358e-01 3.637669091422938150e-01 1.769296913402068905e-01 -6.279840566974375093e-01 -3.860781334959497713e-01 1.591649499663854439e-01 1.352980995822199856e-02 -4.461059906157859301e-01 -3.340981985556318312e-01 -4.253145646851727579e-01
-2.531729606501335605e-01 1.132216589915918392e-01 1.332271777586796491e+00 -1.301275534126636657e+00 1.287725897540780151e+00 1.345551625018073016e+00 1.612020789093268069e+00 -5.789272438615407079e-01 1.741503129068459943e+00 1.343170952136189422e+00
-2.491009329050350996e-01 -1.992119226959995215e-01 -2.207022278635516754e-01 -1.346330842863567856e-01 -3.098297655254909633e-01 -2.330853638286423390e-01 -5.146609921362339524e-01 -1.333233676067846762e-01 -1.219152040980316654e-01 -2.877638620014320581e-01
-5.162722088380827801e-01 -6.703592375744682474e-01 -5.850034074362205905e-01 -6.190745221720126423e-01 -7.128668873318795285e-01 -7.515419587254260625e-01 -6.693707363715131198e-01 -6.227081949989980991e-01 -8.429500439974878523e-01 -5.305231190397549090e-01
-1.385539003803659686e-01 4.174470886996778929e-01 -2.143857993785910354e-01 4.385724714686590198e-01 5.622324973045342844e-01 6.126965716283343522e-01 9.169434393828512775e-01 4.908427624945956858e-01 3.551096656652455996e-01 7.831798518331487546e-01
-8.817236616223369516e-01 2.245123137514482559e-01 5.766133400481430193e-01 1.310019263067827566e-01 -1.836670398531572643e-02 4.395662787435078434e-01 6.971356012345667486e-01 9.751931511548834752e-01 4.644978120803657240e-01 8.159568916939647920e-01
1.568556320012237104e-01 -8.068552273294397059e-01 -8.063868107699512233e-01 -1.435522524946492462e+00 -2.167778476237872121e-01 -7.433018766783983100e-01 -1.425255015530003222e+00 -6.570125681253194960e-01 -1.592225752811895267e+00 -1.760469528834453179e+00
-4.324099156850362835e-01 -1.456297877350142544e-01 -3.318312533174300749e-01 -1.694214361864173901e-01 -1.683154098919171782e-01 -1.836579889373126384e-01 -2.961097337021601494e-01 -2.539617379298624300e-01 -2.306543471282357372e-01 -1.458486887675928267e-01
-1.973756435389524277e-01 -6.861913410868204499e-01 7.066482258102405045e-02 6.069634501143712085e-02 -4.384490646729695684e-01 8.911843890685575142e-02 5.047407809739757473e-02 -1.908766931744122416e-02 -9.791606334713361115e-02 -2.170497264824506611e-01
2.085566460639881881e-01 9.276772203400045214e-02 7.923695884825639191e-02 -1.804886077986802423e-02 2.802783191806100180e-02 6.499161286983523578e-02 1.509908246539745091e-01 -9.765769225988833735e-02 1.443833229540089080e-01 6.558587199677749779e-02
-1.904841862056324331e+00 -7.067058231067071539e-01 -2.811681059631769841e-01 -8.255761727771261382e-01 9.859880263009628276e-01 -4.225747197182292414e-01 1.697778360164313272e+00 -1.171362279865218126e+00 2.833234283340511639e-01 -1.354552371908232633e+00
3.710442953538267696e-01 4.973710475712367907e-01 -5.501704432672409606e-01 -1.175213644426909232e+00 3.703983434745883874e-01 1.482442263443068120e-01 5.209689464985273188e-01 -4.567475008662914560e-01 -5.762794920406784371e-02 -7.451903528681058653e-01
3.529179290586940687e-01 1.101516371489008828e+00 -9.762587301271199447e-01 1.421510493116227458e+00 8.634313244562141776e-01 -1.887817024501668772e+00 2.470427576779760104e-01 -2.595544683441945999e-01 -1.162130099149779605e-01 2.721459917168608800e-01
4.534216169311505173e-01 6.895376905707105708e-01 4.142929725810474695e-01 1.966033247576092768e-01 4.275914819208988527e-01 7.193146691379823654e-01 -1.579059965052027198e-02 5.534587211476996726e-01 6.541062427751295205e-01 5.150273233761611946e-01
6.542889762827244216e-01 -1.170735202687425369e+00 1.137007217323448893e+00 8.445187626784314006e-01 -2.201904330378264552e-01 1.180366365529148531e+00 8.657319401157265171e-01 4.454034434589260738e-01 5.071830438793965001e-01 -5.090658429596416762e-02
-4.360710866061301427e-02 7.700863072725956660e-02 7.947162529121767904e-03 -1.472165698085348140e-01 8.121879159667497183e-02 1.761711471032508525e-01 -1.198226998448909120e-02 7.374949090478330992e-03 -1.142682197775120173e-01 -2.389657173660241635e-02
