8.523266690825530290e-03 8.726860507048211923e-03 -1.788421763047377822e-01 3.730307940832867236e-02 -4.472202035255922609e-02 8.990003957688015579e-02 -4.953338537871731367e-03 6.531679452011353304e-02 4.223494810568498292e-02 4.193111470983839628e-01
-4.448046475655018789e-02 -9.040236126793921301e-02 1.493190913987103297e-01 2.764557003150588683e-04 -4.783374381849403618e-03 6.626183615462961640e-01 1.054959336433355654e-01 -2.251667059182316244e-02 7.930728963849446173e-03 -1.473330009334251622e-01
-1.681853776485349172e-01 -6.538208301800356448e-02 -2.355199784496844195e-01 9.822993029784003738e-02 2.006731967176267339e-01 1.871904657328233856e-01 9.683022886408912400e-02 4.194690134085113375e-01 -1.908456828802241045e-01 3.404806736130015776e-02
1.843346863464982721e-01 -8.179245074258686965e-02 4.172929151099352002e-02 1.784735894077448537e-01 -1.771434277730740414e-01 2.168393583840916572e-01 -1.817602118573363457e-01 3.032139224934462651e-03 -1.114058627160969400e-01 3.285916056880999192e-01
2.278166525221946292e-01 -5.085051641716691329e-01 5.342072690903155313e-02 -1.116439718226844291e-01 -2.307511161538030875e-01 6.075776634867459114e-01 -2.252369525786738699e-02 -1.117469251525966684e-01 5.805812483273269375e-01 -9.598259640932287756e-03
3.087368568718589779e-01 -1.108969633804863519e-01 3.970861656033958069e-03 -2.320424715756186085e-01 1.238882439133482255e-01 1.016182151545979295e-01 6.709692736412192771e-02 3.116966541567531834e-01 1.054891493538091980e-02 -4.936387034565328791e-02
-4.046625327836388952e-01 5.622324412173884678e-01 -1.591850425559746540e-01 4.169301766720887592e-01 -2.701039251320739853e-01 5.339713894443633979e-01 -3.096684545043525971e-01 7.139331721533141717e-02 2.971632691062018328e-01 -2.621434853794018527e-01
-3.699931910444316518e-02 2.294642759468410176e-01 3.243871067742949976e-01 5.805540511886608801e-02 1.818183389902746083e-01 2.418659991718269953e-01 -3.942059126702641969e-02 -6.707791916317561165e-02 -8.642856954354800891e-02 -2.906655602021978591e-01
-1.357506546437389494e-01 2.050179176236854584e-01 2.648014943100655133e-02 7.210055321868219513e-02 7.187554426305679811e-02 -1.628961617438856035e-01 4.814362936006054139e-01 7.261728302168338200e-02 6.272689872029718616e-02 -1.688677608239786132e-01
4.234943879868913186e-01 -1.962496659542551924e-01 -6.286126715698042711e-02 -1.609861789675895993e-01 2.076525232553227407e-01 4.840860311090254553e-02 -1.045674560347561316e-01 1.724888125673723349e-01 2.115877196316177933e-01 4.330935082886194776e-02
1.871449072248180245e-01 6.882466010911156284e-02 -3.094377145744254820e-01 1.813972170428849451e-01 5.574869905329430386e-01 1.112601692418935945e-01 -3.630780616602925503e-01 8.524305274473353150e-03 -3.850563573875643610e-04 -2.296869586592008468e-03
3.629351192975918683e-01 -2.269532528017518536e-01 1.698985538124307693e-01 6.646784429864852073e-02 1.236202238775020584e-01 3.817849454871063419e-01 4.498868945678746734e-02 -8.928114365156850085e-02 -2.921296262669751398e-01 4.384499002688913016e-02
1.063294791099130693e-01 -1.995407023534652088e-02 6.256593022801840457e-04 2.813020106649844476e-01 2.815006731532697648e-01 1.790380170776007807e-01 1.726319475204512177e-01 -2.442394601973126023e-01 -1.122837512541696586e-01 -1.767490797700608240e-01
-2.121540759234614715e-01 1.637503503694021645e-01 1.133399658180438418e-01 6.857822198778454337e-02 2.706526784099123617e-01 6.883230312447520538e-02 -4.728105105160907567e-02 -9.122218481294440406e-02 8.527740404215669590e-02 7.353973710492549970e-03
-3.209014423870684696e-02 -2.206933127461103983e-01 -2.685361494993727116e-01 -1.964496515042649383e-01 4.340842836407093897e-01 -1.902528172591210764e-01 7.097469881856589835e-02 2.757268938791219703e-01 1.708549081101620459e-01 4.988469563902206971e-01
1.552027360570039649e-01 -1.629138206789866872e-01 8.402290030457518211e-03 -1.395760363068987431e-01 1.975437545669173067e-02 1.257018957573665108e-01 1.305823302416057596e-01 1.608062468497255815e-01 3.999044209688144835e-02 4.441580007388090667e-02
5.444903434368109085e-02 -2.892916428665588680e-02 3.354168242308191994e-01 -4.006264036101077342e-02 -9.109995227154474295e-02 3.531499887553304212e-02 7.823696241978842503e-01 -8.935805386517845506e-01 1.610243333980406200e-01 2.169705363599322978e-01
6.464814120937655006e-03 -6.956042285986403784e-02 1.446390913982431581e-01 5.208618147925250796e-02 -4.697530608260011564e-02 2.433193631206863328e-01 2.927474151315275219e-01 -2.952427845119283412e-02 7.367543340848907440e-02 -2.161095524278185687e-01
4.626565112393154350e-02 -1.662006944846953771e-01 -1.471545512357787522e-01 1.099276229611632072e-01 -2.086622187661128780e-01 2.846118382843038086e-01 3.027066041051384646e-02 1.307277543681926446e-01 1.245075013040035788e-01 3.344505743368290096e-01
4.240292325928213812e-01 -4.289231100599770474e-02 1.227032657225786000e-01 1.412436362588709582e-01 -8.645411117720544492e-02 -1.715428041960221361e-01 2.170240518209951841e-01 -3.859214127986207998e-01 2.772287462740749553e-01 1.971543420471923852e-02
-5.471898226465143206e-02 -1.808317241338626702e-01 1.543998833879008381e-01 4.836386787838650170e-01 4.376087504067568273e-02 7.294648009081694529e-02 -3.343092644421986892e-02 -9.646850589548119914e-02 -3.087321034056435699e-03 -1.379548303528600750e-02
1.948533101473121087e-02 1.248863955235752360e-01 2.906351653647111788e-01 -7.736438075129923111e-03 3.940815525550273590e-01 -2.550105747588816696e-01 3.632303070206034379e-01 -2.965311059632484425e-01 -1.767973134789926626e-01 -5.370036968137676704e-03
4.118303909500690141e-01 -7.499215795730257428e-02 -1.230261778335323825e-01 -8.492266250778503223e-02 9.580724269604667248e-03 2.113167083157994064e-01 5.874227712975132326e-02 2.552718151225851287e-02 1.572032943528486881e-01 -3.607318950457816947e-02
-1.249352331825707707e-01 3.908865275913340209e-01 9.193485867245991816e-01 3.381783985682841331e-01 -7.263379325595840097e-01 3.381771862646008597e-01 -1.445413974413476965e-01 9.990631347688438968e-01 -6.763829813388120282e-01 -8.165858767991784894e-01
-1.459626330508073111e-01 3.742428076063295667e-02 1.251781121968037758e-01 4.457561761281330637e-01 -1.205743155091903579e-01 1.304565350260134850e-02 4.817700522946133379e-02 -6.360163351170794455e-02 2.594832102815213815e-01 -1.031607089683215794e-01
-1.989554226663241554e-01 -3.505266996298094795e-01 -9.232195414279559254e-02 -7.379251530556364680e-02 4.451183717643203974e-01 5.223695018885704533e-01 1.425976729935756609e-03 6.825608784225656311e-02 -2.282195583638744751e-01 2.776321004672622217e-01
1.227701667699325899e-01 1.359271967637845357e-01 2.140351900763249882e-01 -2.990602388234429587e-01 -2.402216364818114125e-01 2.809167335724674364e-01 9.763368719899562231e-02 -3.097044457626038638e-01 1.583692763757840738e-01 1.920798251582141458e-01
-1.506539656084054657e-01 3.266842250890154842e-02 -1.416323969490526080e-01 5.506253774404738788e-02 1.535462012680370303e-01 4.716424413150823169e-01 -5.742662357437806619e-01 2.107931141013009990e-01 3.505935526923000811e-01 4.041882218675585392e-02
-1.318981268754442493e-01 4.259572661165978436e-01 4.363127078604647074e-02 1.671382947227046389e-01 -3.156855494189803046e-02 1.225150239402786612e-01 2.736784128393460191e-01 -2.339368462696406192e-01 1.162131866181644324e-01 -3.501045680768144486e-01
-2.493071484448317332e-01 2.225642210038327462e-01 1.079380778132732754e-01 -1.426401561809640395e-01 -7.101507081680655253e-02 -1.639542340588710789e-01 1.918862612556112013e-01 1.767312614504688850e-01 1.740228048078795720e-01 3.779374947185628608e-01
5.069844948861654960e-02 -2.456034242066260365e-01 -2.474731871963540275e-01 -1.415240704764615665e-01 3.198897583972654113e-01 4.014570053535295724e-01 1.033517164880352890e-01 -1.193151438012467480e-01 2.900194068898411803e-01 6.784117187477348154e-02
3.913434153294428341e-01 -4.178291766950113506e-01 -1.966190333043034595e-03 2.668878947614226546e-02 1.204709596596052756e-02 -1.263232827149134430e-01 -2.864848917876565704e-01 5.675842336145959788e-01 -2.870526010276026104e-03 3.196237502612399584e-01
-2.544257127194572005e-02 2.766338070003381833e-01 1.869578973490327867e-01 1.597965074624741189e-01 5.151317279501734653e-02 2.253603393701473778e-01 9.157203586350506908e-02 -1.575608061236495883e-01 -4.190224763126679935e-02 -2.660820274976621325e-01
4.500167978249905998e-01 -4.231375102124061982e-01 -1.010491543614843168e-01 -3.479812686733327332e-02 -2.989681784861908387e-01 2.343062561794900522e-01 4.398090124063226969e-01 -1.148055430132755364e-02 2.551757695029418516e-01 -5.520666902508872959e-02
1.934571527196006224e-01 4.114424214368851696e-02 2.463834882315334152e-01 -1.388844155829486449e-01 -1.000226417217217056e-01 5.651300523137352955e-02 4.362164096224306342e-01 -1.474176296672056463e-01 2.328832850498964713e-01 -3.845459489423133648e-01
-1.071478920270169943e-01 -1.427087007282754338e-01 3.371609508311400605e-01 2.971488344491946543e-01 7.691932215095455272e-02 2.676818414078713237e-02 -3.921598346474375330e-02 3.235999410548146549e-01 -2.022723771107282631e-01 -2.059513000593646281e-02
7.072286025362115036e-02 3.169536896335311549e-01 -1.178196063853181458e-01 -3.644155167779656868e-01 -1.149788558030595820e-01 -5.616888266372364186e-02 -1.422476482372245221e-01 4.332466063437896975e-01 1.403027695632559357e-01 3.524029045745253885e-01
1.246095177161870848e-01 -1.365633551597125184e-01 8.809521180215539385e-03 -9.300422764502734585e-02 -1.499964587494013457e-01 6.925630861742738953e-02 -3.669946363593023508e-01 2.292450971980087571e-01 3.319471723288676124e-01 3.493716054964391970e-01
9.858403650718323974e-02 -1.813641666314890766e-01 3.766718160890092926e-01 7.576967228456932268e-02 -1.260374843480511486e-01 -1.328402773807351445e-01 -1.436337636066786771e-01 6.353896023898607248e-02 1.024277544543754914e-01 3.792391442168778770e-01
-1.989806446585091759e-01 2.955223493787697761e-02 2.779292289090227741e-01 -3.397925343142806781e-02 1.650352972311993627e-01 2.152731980770762887e-01 2.414584434476293451e-01 -3.141910004294339309e-01 1.628251649894105202e-01 2.960557440036480983e-02
1.906647240521030795e-01 2.817149571228111937e-01 4.968327098185484347e-01 -2.355008970217437048e-02 -3.642842798120178582e-02 -4.599240332682785204e-01 1.368403897236341038e-01 -4.629135498318164010e-02 8.274380022015957736e-02 -1.901132913629836885e-01
-2.588083889831422138e-02 2.508989192000221288e-02 3.853354049796285374e-01 1.188063004195895611e-01 9.879876826024072689e-02 3.170304435898517181e-01 3.176071693077204827e-01 -1.158592017443187301e-02 -4.470183146064624635e-01 -2.874232031178881597e-01
-2.900270753587791753e-02 1.881412284473856292e-02 -1.822989143701524428e-01 1.683229297077362407e-01 1.224261221023240503e-01 5.049440131379895336e-01 -1.047653594993490783e-01 8.965349540934647310e-02 -3.114093387175199609e-02 -1.603038830368168632e-01
-5.479707133434920108e-01 1.189732734469167025e-01 -1.608924452756667345e-01 6.295325155644571069e-02 4.083095864858869439e-01 -1.371260801911965976e-01 3.574072976441165506e-01 3.777607355879369910e-01 4.070798932398510261e-02 -1.178672660078229802e-02
1.209972097859897677e-01 -1.664889737152391580e-01 3.524903694811430399e-01 -5.392449720013937214e-02 2.003184097289641696e-01 -4.290305287957173891e-02 -1.148816790363581947e-01 5.211021821345697136e-01 -3.214857436498971821e-01 3.419830884622770961e-02
-3.370178360097181303e-02 2.701360889388821351e-01 -1.144980866782985968e-01 -4.242688322479813701e-02 2.505352700144620193e-01 -5.413959164368360027e-02 -1.463826168479182288e-01 2.601373876371430582e-01 -1.170190993234312971e-01 2.848963695828956033e-01
-7.754345852303977382e-02 -1.131589911100482904e-01 4.734436176552963005e-01 -1.236379600407366414e-01 3.966759600261886565e-01 -3.540185592368890743e-01 3.876257651811935712e-01 2.560580255058031787e-02 -1.589610528613403795e-01 1.145475868635872224e-01
4.136295775260900309e-01 5.183299332983415386e-02 1.942982874408889504e-01 6.380957515268777247e-02 1.044588753451120844e-01 3.615742057028648038e-01 1.044837020283167817e-04 -2.960345803559216726e-01 -6.846678055824998409e-03 -4.034998246677540257e-01
1.723388936791556691e-01 1.096723505395779119e-01 2.051693883427897491e-01 -6.989311588606922365e-02 3.268064082976019358e-01 4.935425386708850934e-03 2.737244969205678835e-01 -9.047211239562083507e-02 2.604679834676127889e-02 -3.516647283477650210e-01
4.021985409941775808e-02 -1.571018577222630941e-01 7.249340704517844014e-02 4.541362867415872917e-01 -2.135713553632428985e-01 -3.125383590846195214e-01 2.800257288174560766e-01 1.999264284711811668e-01 1.977100425890072899e-02 9.845928200950729292e-02
-2.139362382567887577e-01 2.041160716483234328e-01 -2.674521365619459967e-01 -2.679845484245578779e-01 2.467028759469986343e-01 5.019856224114058185e-02 4.360512354621934872e-01 4.197786522108075680e-01 -1.628338106693171250e-01 4.216075561133911243e-02
2.654188429630520707e-01 2.170485889324503814e-01 1.239010981735167161e-01 4.387377912730532348e-01 -3.498212946491989772e-01 -7.833584361578591060e-02 -5.649244583419904542e-01 2.459801321365078786e-01 -1.007506426843982617e-01 2.614113818156640900e-01
1.292005642761835937e-01 -4.065811965285447971e-01 6.147901372193608632e-02 -9.059874060406884755e-02 -4.486767469995537466e-02 4.194009508916015649e-01 8.432283125122663758e-02 3.913807209187214475e-02 9.194428261425247051e-02 1.920843432823867714e-01
-3.568001882337896169e-01 2.541218215297003091e-01 1.068366100544418801e-01 4.886804926745149172e-03 5.576802410287001743e-02 1.600440596613041666e-01 -5.861790788072095831e-02 -5.705235655217354152e-02 1.991070660561236605e-01 1.604568596776171641e-01
3.798156521643687444e-01 -3.230890038425684452e-01 -2.652919968709183292e-03 1.387128009131740336e-01 1.534122698217662839e-01 -1.974246598568878824e-02 4.330922585940218811e-02 2.051112619948794180e-01 -1.349862964337950055e-02 1.547743987386963338e-01
-1.699140868187877795e-01 1.383910012618381480e-01 1.381380070506895430e-01 7.870096560528563878e-02 1.888069852077865207e-01 5.198967903038221455e-02 -1.655708466705477222e-01 -1.363865881412691938e-01 2.783327062317547118e-01 1.165605757794096475e-01
-2.100846251759875827e-01 3.997896132404010205e-01 -3.143192504448886204e-01 2.473006273703262370e-01 1.909950701757028024e-01 -3.368175317028726523e-02 -1.262387185991046146e-03 4.479075418174423284e-02 5.476043358300673736e-02 1.696012296374919681e-01
-5.957576783896489231e-02 6.991603320013173306e-02 3.642128598289090524e-01 1.093597589799262110e-01 -4.212101000761013236e-01 -8.840554105672948637e-02 1.007799667945688538e-01 7.788218036882768591e-02 2.118884424111391052e-01 2.848693949751225363e-01
7.856461229709110761e-02 -4.734318140598896274e-02 1.703975006413045723e-01 1.028819773784044322e-01 -5.304550987844458554e-02 -1.442932989392658183e-01 4.394112788457999602e-02 4.044965346636633652e-01 -7.840929562730993702e-03 -7.568139254356899548e-02
2.173769274067998691e-01 7.317462384194152458e-02 2.408040016950523943e-01 -6.732991094242689323e-02 -1.624539802515098386e-01 -3.686263293923405238e-01 -1.307011787218171073e-01 3.252979815892285131e-01 4.480298334587310416e-01 -4.184868203931473712e-02
1.729240518602517263e-01 1.865815118660953953e-01 6.768588956782778387e-02 -9.991469795523538755e-03 3.283730921912730860e-01 -7.774229862791154355e-02 3.220386555861440292e-02 4.817161296269072412e-01 -6.812148275243827822e-01 -1.478182457788384530e-01
1.497683947959454476e-01 5.796065433201251782e-01 2.736389066312651386e-02 1.304038035256477150e-02 -2.695322946073909764e-01 1.931774698752089792e-01 7.842053070465651587e-02 -2.072866265670606778e-01 3.371635139064899089e-02 -7.985679704441876747e-02
2.785510684648018764e-01 2.580812614147664497e-01 1.485570446305332637e-01 2.934577937735375827e-02 3.305412638082895482e-02 -1.071015478476845945e-01 1.092123144314634670e-01 -3.995917449058805637e-01 1.559464117528042704e-01 -5.005452844082725061e-02
6.976478780952076464e-02 -4.209290558682850514e-01 -3.284720922258319020e-02 4.624862449875314918e-01 9.168384214527880438e-02 5.990470414362306095e-02 -2.301939857335255912e-01 1.722618603761501832e-01 2.113224925391684883e-01 2.300726786405522806e-01
2.574864967746166022e-01 -4.858539025595030869e-02 3.138898179989739745e-01 3.076811327907528690e-02 4.078443356319992608e-02 -8.383763366928030647e-02 2.629186953541939320e-01 8.127379434921325196e-02 -1.592165322856086140e-01 -6.146919542738539521e-02
-1.185103430401375224e-01 -9.252545177644662389e-02 9.702321577426090138e-02 4.223393212643094530e-01 1.114623872046485858e-01 3.375963744547168244e-02 -3.201482674316681876e-01 2.726598019340103485e-01 -3.356136752145820468e-02 2.569789509486597803e-02
1.567922042046449305e-01 3.972923094678237899e-02 -1.281557955086916889e-01 3.256155096069283245e-02 -2.440661984661177397e-01 5.037911151549351318e-01 2.060113761067298432e-01 -1.383426256691443756e-01 5.871198629960341225e-02 -2.563845374208825398e-02
1.021629173980334593e-01 -6.407914248766599652e-02 -1.155078817343728886e-01 -3.032068627326108337e-02 -3.293889939896087887e-02 1.926845136322956620e-01 4.571306318734854046e-01 1.190167129428720549e-01 -2.222542555056227220e-01 1.556346855051662648e-01
6.829053841727070195e-02 1.557944701879173666e-01 1.690829816626052695e-01 2.034102448942628205e-01 -8.571517658022456687e-02 -8.647871459027895238e-03 3.494568126987539908e-02 1.316729938840629499e-01 1.836403024286059338e-01 -2.135769000459999956e-01
1.214887083230681893e-03 1.044740697718515576e-01 -1.541282570725797940e-01 3.772733667606266161e-01 -5.365042806861799324e-02 3.471475916662373207e-01 -2.260883022555886523e-01 -7.495251079685205653e-02 -1.399344723807555146e-01 3.617756594572665296e-01
3.043193292454560717e-01 3.146881725581632261e-01 -8.507179756899467538e-02 -2.555471359664540643e-01 2.063593127056433663e-01 2.299429892538841780e-01 -4.287183817618151621e-02 1.305503694430446560e-01 -2.714663619405477957e-01 -6.617731052613361198e-02
-2.090847524082344588e-01 -8.943653024873995938e-02 -3.864041606847125852e-03 2.562296486916350036e-01 1.740267009271340704e-01 9.547700901204476953e-02 7.847243550294542846e-02 -7.085640732435460193e-03 3.227112401796095736e-02 1.199543824385138069e-01
-6.074749123501597958e-02 1.827237501285465526e-01 -1.100739517619446634e-01 5.603863714331440427e-02 6.541877928844555545e-02 8.635626001497657966e-02 -2.564599390284389990e-01 -9.498397186779715395e-03 2.952705863933917652e-01 1.240922210391751379e-01
-1.757521859279060350e-01 7.257098565817081404e-02 4.322428928925066138e-01 -1.569221238717560252e-01 2.456426179147622180e-01 2.994489396130986525e-01 1.452729776934136574e-01 -3.172105202453348594e-01 1.565214591838867131e-01 -3.211174297409471468e-01
-2.045563219362042107e-01 -3.399545038690043874e-02 -2.058810145861019181e-01 2.579907299363627671e-02 2.132267638164740686e-01 -4.437570953050756078e-02 1.182571759294558100e-01 2.107217551333982752e-01 2.502887079088562117e-01 3.508917543804305206e-01
6.542273361450586799e-01 1.557386244144561838e-01 -2.504464080537084913e-01 4.804714003439990860e-02 -3.035536541949985234e-01 -2.445821022404896516e-01 4.645176926511465076e-01 -9.695693426469323417e-02 1.748122089473161944e-01 -1.233705360200404999e-01
-3.301892748336160421e-02 1.709297111567791017e-01 2.024035915187229751e-01 3.109172174750544637e-01 -3.974395075848889680e-02 1.239267124745213611e-01 -1.300576984551392867e-01 -1.178911897785599877e-01 1.849717721543747417e-01 -1.310854082412630517e-01
3.101343731229000977e-01 -8.507420806838730809e-02 -6.059211407517092231e-03 1.210417315837632457e-01 -7.011128869813199049e-02 -4.166804603421225273e-01 4.506570696489010930e-02 2.026589629928497727e-01 1.336439982468314025e-01 2.517731800881612969e-01
-3.374805254627089718e-02 1.701275646211874992e-02 -1.270798436754982941e-01 -5.693979344964669731e-03 1.039862941787193656e-01 2.804672948861972048e-01 -3.472157238715256611e-02 4.075751272669991265e-01 -3.629978737396152844e-01 3.303117300399489586e-01
1.325553423245460216e-01 1.575769019833090367e-01 5.390955905909032841e-01 4.324882149007419074e-01 -1.643697509691350866e-01 -3.011472602315825031e-01 -2.561078908873965498e-01 -1.736137194148658913e-01 1.221815696475659629e-01 3.886213595755457634e-02
3.727244796183907249e-01 -2.105549753084131059e-01 3.527593466684814660e-01 1.774437916982684327e-01 -9.725931808430071657e-02 1.519445129218262858e-01 9.194163994274241747e-02 3.994942603869573727e-03 -1.191067303343006437e-02 -1.673825018804948883e-01
2.304243676397641494e-01 -1.831973904057641045e-01 3.156469795705775516e-02 -1.733325522266116192e-01 3.538245523542866700e-01 -1.228784197884468798e-01 5.215766295613678827e-02 2.374569350058610140e-01 6.059742896400291401e-02 7.649814760128591240e-02
-3.151389924159750389e-01 2.477840273281893824e-01 -4.325949549360771917e-02 4.513580919201917174e-01 -5.114066472430761623e-01 2.833747952976115592e-01 -6.594218122475556387e-02 3.961044990950369771e-01 -1.800422882400977975e-01 3.335747183696797791e-01
2.170037733171330530e-01 -1.516329865275671818e-01 -9.569089775434692913e-02 2.755849299117202889e-01 1.167754176949114542e-01 7.717044386070351369e-02 5.937870077239783620e-03 1.631045571009314410e-01 -5.510904876554102716e-02 1.115936444253953358e-01
-1.208630357420762413e-01 5.059381982260582888e-02 5.692280680378910551e-01 4.548907652087713083e-01 -7.974284100607099968e-02 -5.913131710210793590e-02 -9.706476448945160207e-02 -4.071725512537874847e-01 1.952688584776604563e-02 2.121790838533430812e-01
-1.894277289084092264e-01 7.327886127315952347e-02 -3.009438203427682382e-02 8.128059367473890184e-02 -5.278686552798934201e-02 -5.174908151218509111e-01 1.516774396720644291e-01 4.187523432358633557e-01 7.345994056590735011e-02 4.849323894613043473e-01
-2.322827304964329986e-01 1.844822327807814910e-01 3.449269211918725708e-01 -1.269495809717775293e-02 1.227977967169161938e-01 -2.809592304720593403e-01 -1.036319883162730993e-01 -6.954796781127628447e-02 9.347927854129635394e-02 4.162226258932191225e-01
1.024470827744185936e-01 -1.608164362313205531e-01 1.164850653311059053e-01 -1.067624240522487694e-01 2.712551938914970484e-01 2.552746431510197200e-01 -1.980687255748766196e-01 -1.028580866093552620e-01 3.709591058563643795e-01 7.954467498216524768e-02
-1.963535630995362491e-01 -3.906346116479905012e-02 3.047676391562743059e-01 -4.564881791779615977e-02 4.531046077548572804e-02 2.257742681069909163e-01 -1.295053399337668942e-01 1.929451418881177327e-01 2.585343963912299370e-01 -2.311113354512878831e-02
-5.470339608732475295e-02 2.536037463973470074e-01 -1.444653455941237730e-01 -2.057384047061994736e-01 1.106470546272392275e-01 3.031907313502399948e-01 -2.569321779171411524e-02 3.621086054260645032e-02 2.145861829644113705e-01 -4.002508838252622630e-02
-2.539839314907512136e-01 4.598857448774655299e-01 -1.615409960990169536e-01 8.846990808867490064e-02 -3.691040774913709882e-02 3.647342381621153373e-02 -6.498979714176816858e-02 1.734255899847860286e-02 1.270520966931304452e-01 2.429375454965667369e-01
-1.725542551150584941e-02 3.192491535596372332e-01 -1.363754826226344363e-01 2.134123527087834205e-01 -1.830747195248492651e-02 -3.744665068374827821e-02 1.342732268986289793e-02 1.403215554554755051e-01 7.453803765015649951e-02 4.309871579136163172e-02
-7.853616991862754368e-04 -6.019455061046598970e-02 1.855384327824688429e-01 -1.369975683455269475e-02 4.243243235782297451e-01 -1.285788944293633218e-01 1.620736238683905817e-01 3.076527122432877459e-02 -2.285723686918138611e-02 -2.990498654629350495e-01
1.150824531558782837e-01 9.475795740184370097e-02 1.150619402189783924e-01 3.876410018625314757e-02 -2.204431130565505104e-01 -7.486195728778663461e-03 -5.629782440377011088e-02 2.776538537311706856e-02 4.938692708094495343e-01 -1.182294420067382806e-01
8.422125313404764391e-02 1.160833933800087397e-01 -2.940038897291235576e-01 -1.706377409545236090e-01 1.520016190257725552e-01 1.086394450666952477e-01 8.373099220427389355e-02 -1.143743146026970497e-01 1.942168192281917283e-01 3.441732192076787933e-01
3.329531145322219277e-01 1.535033664988612323e-01 1.152774612744811078e+00 4.028674317914762160e-01 -7.197146658143304121e-01 1.058352458449487887e+00 -3.667066224167385702e-01 2.975243586394353823e-01 -1.052988640557077415e+00 -7.990921174072934674e-01
2.903047480462978697e-02 4.068021802295573863e-02 9.592680246039242062e-03 1.616720461119422747e-01 3.044766536535986959e-02 2.292391989029638616e-02 2.326820523581568934e-01 -4.203015092752989124e-01 2.806020500983338328e-01 1.053832649892137430e-01
1.253735548558072566e-01 4.214893445755043544e-01 1.263882632673133943e-01 3.096312365011427703e-01 -3.596759009256021988e-01 2.915437611522063710e-01 2.740658648501846373e-01 -3.519397768427630635e-01 -1.211028451471541645e-01 -1.547343709951802260e-01
1.855173333968500038e-01 -3.025006393094011869e-01 -1.559704939787225908e-01 3.601745515907465167e-01 2.530389904753683195e-01 -4.591525072579623334e-02 -2.900064563187830513e-03 2.145869745948213447e-01 1.294362071346880361e-01 -3.478040498699896260e-02
4.843306915315862687e-02 -1.037775304283143629e-02 7.568044999766082581e-02 5.824416166884279766e-01 -4.439913163766726623e-01 8.642095504727781430e-02 -1.851198396715900696e-01 3.483963965911709981e-01 5.620101749022910625e-02 -8.015504147750587838e-02
