-3.652352562940917036e-01 3.250130108904532578e-01 2.502112796007037732e-01
5.822961744281310303e-02 1.327261530458592222e-02 -1.344409165457964572e-02
1.765685753103644617e-01 5.904613109987588704e-02 -9.240865553432264790e-02
-6.196465665731784589e-02 3.883961013532347684e-01 -1.576023532020978946e-01
-1.725086971634342825e-01 1.570585318039988687e-01 1.636873394806517001e-01
-4.933922659996009541e-01 1.037691268286476814e-01 5.124397450518125563e-01
7.214731387749616642e-01 4.324752308449223426e-01 -9.325040314670213215e-01
-2.253733392626665610e-01 1.645653204795265723e-01 1.864811704420087368e-01
-8.707077766679273412e-02 2.920361093950548659e-01 1.444727513679795045e-02
3.520701130538049228e-01 -1.758203545749529445e-02 -1.649052747813894437e-01
-6.299541466632062325e-02 9.286089160347692217e-02 1.326072063482732766e-01
4.444599651768997572e-02 2.836367028676189395e-01 -1.702366300174768532e-01
3.754446020773851145e-01 3.660230918399878797e-01 -6.804953645642943805e-01
3.637836858249327010e-01 5.593961794853299363e-01 -7.707065729436568535e-01
3.028170419420722070e-01 5.498725839124384285e-01 -7.089052105767070788e-01
2.747256035356037684e-01 3.479070246672206213e-01 -4.996884980141509391e-01
9.853088635229129144e-02 3.278898256363964592e-01 -3.354054638224160945e-01
-4.802771367501243449e-01 1.761156701868868968e-01 4.752643129419942825e-01
2.765224145239233433e-01 2.069849010194856898e-01 -4.188015028718318766e-01
1.532075048418966856e-01 2.328524996968995564e-01 -1.730396742252237052e-01
2.343210480536412066e-01 2.690226312557560395e-01 -3.900285357229392180e-01
1.181416264360953261e-01 3.502527086192792627e-01 -3.631407227342385302e-01
4.566710821780450846e-02 2.190902128278590655e-01 -9.081028962558515549e-02
5.296967121285865998e-01 2.563949130383191277e-01 -6.736813907897177822e-01
7.611048326947797427e-02 4.609182074576637089e-02 1.054076339196663159e-01
7.530561966796069095e-02 4.186985230562018795e-02 8.743345058509277568e-02
-1.469878156401478175e-01 1.851728791109533423e-01 1.350415801873454114e-01
5.811963185274621191e-01 5.363900087032624775e-01 -8.850097048240724851e-01
3.860185178476208123e-01 1.407794357873509983e-01 -4.014657863982282193e-01
-7.534364034208756999e-02 2.829610515008578187e-01 -6.035149002380570810e-02
-1.662443980505578511e-01 1.873479383496280959e-01 1.335008602029389979e-01
2.107788200098686116e-01 1.384250672166692231e-01 -2.820511965031878288e-01
8.793753450209251810e-02 4.919598352863290835e-01 -3.873898067220294394e-01
-6.080844548840838026e-01 -1.554711065444927820e-01 8.993208463829343025e-01
-3.512269441501471579e-01 1.603310155883032606e-01 2.807800752257419985e-01
-1.012859330658724966e-01 3.040702750927876674e-01 -1.838157808759957879e-01
1.182848713212262537e-01 3.354053430351033871e-01 -3.492281501448341596e-01
4.307739732336589578e-01 8.772291495104411752e-02 -3.143114004982814347e-01
4.378059115763099363e-01 7.548101038753336767e-02 -3.806191468596326621e-01
5.455121839279144375e-02 3.016723269387540651e-01 -1.775717978042185841e-01
6.507099178658325433e-01 3.883059243131087857e-01 -9.171666278578565201e-01
5.652165955169839995e-01 2.439085662018370404e-01 -6.072354904848225043e-01
-3.709243860530956338e-01 -1.329801856433302232e-01 6.790871423451755318e-01
6.618584054940379602e-01 4.008835779162593926e-01 -9.452827099070880701e-01
1.048885107119318025e-02 2.405248717520947765e-01 -2.031626928370854901e-01
-2.660588123000179883e-01 -1.226160464159025201e-02 3.754248771625826042e-01
3.109350891412360762e-01 1.741009104995673296e-01 -4.117244568712990493e-01
-4.407678378532699504e-01 -1.347495289941163035e-02 6.623561638096270299e-01
-1.959330205383181811e-01 1.411184648153874233e-01 1.832773606086029183e-01
1.806041519550294072e-01 -1.802350895019672744e-02 2.378565433244306596e-02
4.176730617728310335e-01 1.652064363162190352e-01 -5.048047341250591069e-01
-2.333753263270167966e-01 -6.324389846294041495e-02 5.097406603134304603e-01
4.118018134591980850e-01 2.569783011209781920e-01 -4.927530913093283726e-01
-4.955463813063727685e-02 2.284567787751138335e-01 -6.694405228084176172e-03
1.360313791899666891e-01 4.077074164599517325e-02 -2.109451976753540584e-02
-3.964744596640004115e-01 -2.820109007961286995e-02 5.647657042895992685e-01
-4.308331127968957619e-02 2.701600617851165897e-01 -1.485416970158857930e-01
1.876120712828209802e-01 2.648949949782330449e-01 -2.827231777578868566e-01
-1.520667975334532296e-01 1.470982896491198899e-01 7.250968677648450544e-02
6.332882420535738965e-02 4.359961848283211983e-01 -2.911865567196331717e-01
6.762817220369744531e-01 4.325116257066558695e-02 -6.273740719640061858e-01
-3.736439486715972813e-01 2.127834020151668781e-01 3.995945312585090781e-01
-1.520771413412008444e-01 1.694098849936341855e-01 1.383296680742452101e-01
4.842129254927982629e-01 3.413358209735900539e-01 -6.486437692229448659e-01
2.038349370879294076e-01 2.957937186143209662e-01 -2.160204852243567952e-01
2.780815641709626432e-02 4.914038655052004323e-01 -3.675557936095474321e-01
-3.057820942471161096e-01 -3.274980883495177270e-02 5.527078324977893198e-01
3.400795646667556515e-02 3.923225264983897786e-01 -2.610731026417943967e-01
-3.559812049594159866e-01 1.273202947273896768e-01 3.646187834383870507e-01
5.594449146255690009e-01 2.693426813239542250e-01 -6.511035282778004918e-01
1.648871430955398468e-02 -1.860556309155935589e-02 1.370847323703403287e-01
-1.867246985672374182e-01 -4.329384283872308309e-02 4.617921994368559546e-01
2.725542389205927174e-01 1.812649107654462077e-01 -3.162835525626468414e-01
6.011413903924039959e-02 2.998021322373731756e-01 -2.004442565132740495e-01
-1.250158650827225791e-02 2.978404884703028666e-01 -8.574696697573483406e-02
-6.866101024470935288e-01 -4.954806694404634976e-02 9.100616947095832021e-01
2.228519722461448638e-01 2.186795835667342813e-01 -2.444090461500033895e-01
-9.055005183723137396e-02 -4.987234419924083118e-02 3.370966602763077469e-01
4.198007187598718493e-01 3.733805231907047495e-01 -6.251380139853774942e-01
1.344029355818178451e-01 1.928847667769294574e-02 -7.417113568765709708e-02
1.238928039839822665e-01 6.712076045685147485e-02 1.719765984205330958e-02
-3.783541662956997620e-02 1.551890336280477116e-02 1.228810708234098492e-01
-2.951607704078973091e-02 1.567942799932621756e-01 -8.760590823284337969e-02
3.131276647808028946e-01 3.839517794420219676e-01 -6.007436552358252912e-01
-1.273472746378535025e-01 6.295671857451548559e-02 1.504178288622203541e-01
-4.179406489555488602e-02 1.545011394884124312e-01 1.304517934928377254e-01
1.672211676843179118e-01 4.167553657212594853e-01 -4.821230115990753906e-01
1.849052685454058986e-01 4.350222841488211034e-01 -3.787359936486871526e-01
-5.342731458334339101e-02 4.966155828035133113e-01 -3.031673817456679854e-01
1.777813376396535083e-01 1.709530617503771388e-01 -1.542482959849110491e-01
5.399625641591523223e-02 3.957242086416935534e-01 -3.703223462312674741e-01
3.353219105349948825e-01 3.764687773487301325e-01 -6.315752127069568234e-01
-1.635885078461468134e-01 -8.119592339230341516e-02 3.600602812006672981e-01
1.667305669111056321e-01 3.920902322098372417e-01 -4.355863392743221096e-01
4.292649116600707471e-01 1.960524842634796261e-01 -3.916577427450049775e-01
-3.202413097524668406e-01 -5.698216419041238906e-02 6.146121155352818333e-01
3.745063075808222619e-01 7.764777998297757444e-02 -2.479935144155347160e-01
-3.614294632018094644e-01 7.717812912729539454e-02 5.273821642263419873e-01
-1.410530849606471959e-01 3.501671324889838455e-01 -8.706445275935362216e-02
-1.997739617884230767e-01 4.796289967658586284e-01 -7.736556528606522432e-02
